10.086 2
10.155 2
10.242 2
11.143 2
12.046 2
12.203 2
13.095 2
13.166 2
13.244 2
14.136 2
14.210 2
15.030 2
15.184 2
16.004 2
16.076 2
16.230 2
17.054 2
17.130 2
17.200 2
18.022 2
18.206 1
19.236 0
20.072 0
20.155 0 
21.050 0
21.212 0 
22.102 0
23.000 0
23.082 0
23.150 0
24.050 0
24.112 0
24.194 0
25.092 0
25.164 0
25.241 0
26.132 0
26.202 0
27.024 0
27.104 0 
27.184 0
28.094 1
29.164 2
29.240 0
30.076 2
30.214 0
31.120 2
32.016 0
32.166 2
32.234 0
33.066 2
33.214 0
34.036 2
34.094 0
35.006 0
35.074 2
35.146 0
36.046 2
36.122 0
36.200 2
37.020 0
37.094 2
38.004 1
39.070 2
39.151 2
39.230 2
40.125 2
41.000 1
41.184 0
42.012 0
42.092 0
42.230 0
43.112 1
44.040 2
44.116 0
44.204 2
45.090 0
45.232 1
46.140 2
46.174 2
46.206 2
46.242 2
47.040 2
47.202 1
48.110 0
48.180 0
49.000 0
49.070 0
49.140 0
49.210 0
50.030 0
50.114 0
50.184 0
51.000 0
51.080 0
51.144 0
51.214 0
52.040 0
52.120 1
53.170 0,2
54.070 0,2
55.204 0,2
56.100 0,2
56.246 1
57.140 0
57.220 2
58.120 0
58.040 2
58.120 0
58.184 2
59.022 0
59.082 2
59.146 0
59.222 2
60.045 0
60.116 2
60.182 0
61.040 2
61.070 0
62.194 0,2
63.076 0,2
65.010 0,2
65.130 0,2
66.030 1
66.180 2
67.010 2
67.070 2
67.140 2 
67.220 2
68.030 2
68.110 1
69.010 0
69.074 0
69.144 0
69.220 0
70.042 0
70.104 0
70.184 1
71.082 0,2
71.180 0,2
71.214 0,2
72.114 0,2
72.240 1
73.064 2
73.142 2
73.210 2
74.050 1
74.130 0
74.194 0
75.076 1
75.232 1
76.130 1
77.012 1
77.150 1
78.054 1
78.186 1
79.090 1
79.224 1
80.140 1
81.016 1
81.170 1
82.044 1
82.200 1
83.100 1
83.233 1