4.969 2
5.343 2
6.468 0
6.792 2
7.125 0
7.812 2
8.485 2
9.187 1
9.515 2
9.844 1
10.156 2
10.500 1
10.828 2
11.202 1
11.531 0
12.000 0
12.163 0
12.328 1
12.625 1
12.812 1
12.985 2
13.360 2
13.546 2
13.711 2
14.062 2
14.406 0
14.719 0
14.858 0
15.000 1
15.344 1
15.531 1
15.719 2
16.031 2
16.218 2
16.405 2
17.038 0
17.218 2
17.719 0
17.906 2
18.375 0
18.562 2
19.093 0
19.250 2
19.813 2
19.968 2
20.125 1
20.437 2
20.718 1
21.000 2
21.281 1
21.562 2
21.890 1
22.218 2
22.875 2
23.531 0
24.218 0
24.938 0
25.781 1
25.938 0
26.093 1
26.250 0
26.406 1
26.555 0
26.718 1
26.882 0
27.062 2
27.219 2
27.375 2
27.539 2
27.718 2
27.906 2
28.062 2
28.242 2
28.406 1
28.593 2
28.757 1
28.937 2
29.215 1
29.296 2
29.461 1
29.625 2
29.813 0
30.218 1
30.562 0
30.906 1
31.220 2
31.562 2
31.875 2
32.220 2
32.594 0
33.328 0,2
34.031 0,2